0 -1.20857e-67 1.99554e-64 1.94596e-61 -9.80971e-52 -2.16987e-37 -1.26614e-25 9.90379e-19 -1.45603e-14 9.55839e-11 
-1.481e-68 -1.99733e-68 6.90421e-64 2.30907e-61 -6.22388e-52 -8.30871e-38 -4.71209e-26 -3.23943e-19 -1.64283e-14 -8.75081e-10 
-0 4.08608e-69 -8.89066e-64 -9.4888e-62 -9.27564e-52 4.50742e-38 6.8414e-26 2.91968e-20 -3.84113e-14 7.97497e-10 
-0 4.04286e-68 -4.54872e-64 -1.94015e-61 4.12102e-51 -4.82614e-38 4.46401e-26 4.28459e-19 2.23957e-14 -5.18561e-09 
0 -2.67837e-69 -4.22725e-64 -1.35206e-61 2.89555e-51 4.76053e-37 5.96842e-27 -5.77008e-19 -9.36355e-15 2.27372e-09 
-0 -6.36748e-68 -5.53823e-65 3.44805e-62 2.36837e-52 7.12233e-38 -4.65244e-26 8.25318e-19 2.45032e-15 5.86136e-09 
0 -8.23905e-68 2.09976e-64 3.16705e-61 -5.99118e-52 1.6549e-37 -4.9403e-26 2.07765e-19 6.73099e-16 -3.12575e-09 
0 -1.21774e-68 -3.48887e-64 6.67892e-62 -2.17792e-52 3.22426e-37 -8.08153e-26 -8.68689e-19 -1.73083e-14 -1.40171e-09 
-0 2.69158e-68 -1.98188e-64 -3.94592e-62 2.50326e-51 5.64105e-37 2.65639e-26 5.12474e-19 -2.17039e-14 5.46759e-09 
-0 4.52628e-68 -3.80464e-66 -4.88117e-61 1.00177e-51 1.90167e-37 1.06779e-25 1.08602e-18 1.28058e-14 -3.27724e-09 

